point_id,point_type,easting,northing,elevation,elevation_units,horizontal_crs,vertical_datum,geoid_model,project_id,collected,source,verified,county,dnr_surface_z_m,dnr_error_m
FSA Target 1 Waterville-1118,other,454426.014,4896040.032,308.408,m,EPSG:26915,NAVD88,GEOID03,lidar_swmn2010,2010,lesueur_county_validation_report.pdf table 'Control Z',"datum is a DATASET-level assertion (lidar_swmn2010.html: 'The NAVD88, Geoid03 vertical datum was used.'); the validation reports themselves state no datum and no geoid",lesueur,308.447,-0.039
FSA Target 2 Cleveland-1119,other,434207.563,4908438.408,321.145,m,EPSG:26915,NAVD88,GEOID03,lidar_swmn2010,2010,lesueur_county_validation_report.pdf table 'Control Z',"datum is a DATASET-level assertion (lidar_swmn2010.html: 'The NAVD88, Geoid03 vertical datum was used.'); the validation reports themselves state no datum and no geoid",lesueur,321.139,0.006
FSA Target 3 Le Center-1120,other,441306.523,4914349.198,316.88,m,EPSG:26915,NAVD88,GEOID03,lidar_swmn2010,2010,lesueur_county_validation_report.pdf table 'Control Z',"datum is a DATASET-level assertion (lidar_swmn2010.html: 'The NAVD88, Geoid03 vertical datum was used.'); the validation reports themselves state no datum and no geoid",lesueur,316.82,0.06
FSA Target 4 Le Sueur-1121,other,446996.888,4926060.789,315.914,m,EPSG:26915,NAVD88,GEOID03,lidar_swmn2010,2010,lesueur_county_validation_report.pdf table 'Control Z',"datum is a DATASET-level assertion (lidar_swmn2010.html: 'The NAVD88, Geoid03 vertical datum was used.'); the validation reports themselves state no datum and no geoid",lesueur,315.985,-0.071
FSA Target 601 LeSueur-1122,other,427868.544,4921326.359,259.547,m,EPSG:26915,NAVD88,GEOID03,lidar_swmn2010,2010,lesueur_county_validation_report.pdf table 'Control Z',"datum is a DATASET-level assertion (lidar_swmn2010.html: 'The NAVD88, Geoid03 vertical datum was used.'); the validation reports themselves state no datum and no geoid",lesueur,259.38,0.167
L10-1001,L1O,454974.826,4913163.817,329.563,m,EPSG:26915,NAVD88,GEOID03,lidar_swmn2010,2010,lesueur_county_validation_report.pdf table 'Control Z',"datum is a DATASET-level assertion (lidar_swmn2010.html: 'The NAVD88, Geoid03 vertical datum was used.'); the validation reports themselves state no datum and no geoid",lesueur,329.578,-0.015
L10-1022,L1O,445191.184,4899871.369,316.068,m,EPSG:26915,NAVD88,GEOID03,lidar_swmn2010,2010,lesueur_county_validation_report.pdf table 'Control Z',"datum is a DATASET-level assertion (lidar_swmn2010.html: 'The NAVD88, Geoid03 vertical datum was used.'); the validation reports themselves state no datum and no geoid",lesueur,316.034,0.034
L1O-1007,L1O,454837.098,4898662.286,328.023,m,EPSG:26915,NAVD88,GEOID03,lidar_swmn2010,2010,lesueur_county_validation_report.pdf table 'Control Z',"datum is a DATASET-level assertion (lidar_swmn2010.html: 'The NAVD88, Geoid03 vertical datum was used.'); the validation reports themselves state no datum and no geoid",lesueur,328.094,-0.071
L1O-1014,L1O,448847.485,4909924.562,326.813,m,EPSG:26915,NAVD88,GEOID03,lidar_swmn2010,2010,lesueur_county_validation_report.pdf table 'Control Z',"datum is a DATASET-level assertion (lidar_swmn2010.html: 'The NAVD88, Geoid03 vertical datum was used.'); the validation reports themselves state no datum and no geoid",lesueur,326.888,-0.075
L1O-1016,L1O,446815.121,4908961.193,324.964,m,EPSG:26915,NAVD88,GEOID03,lidar_swmn2010,2010,lesueur_county_validation_report.pdf table 'Control Z',"datum is a DATASET-level assertion (lidar_swmn2010.html: 'The NAVD88, Geoid03 vertical datum was used.'); the validation reports themselves state no datum and no geoid",lesueur,324.959,0.005
L1O-1029,L1O,438784.054,4913217.941,305.836,m,EPSG:26915,NAVD88,GEOID03,lidar_swmn2010,2010,lesueur_county_validation_report.pdf table 'Control Z',"datum is a DATASET-level assertion (lidar_swmn2010.html: 'The NAVD88, Geoid03 vertical datum was used.'); the validation reports themselves state no datum and no geoid",lesueur,305.94,-0.104
L1O-1033,L1O,438609.003,4895053.424,315.024,m,EPSG:26915,NAVD88,GEOID03,lidar_swmn2010,2010,lesueur_county_validation_report.pdf table 'Control Z',"datum is a DATASET-level assertion (lidar_swmn2010.html: 'The NAVD88, Geoid03 vertical datum was used.'); the validation reports themselves state no datum and no geoid",lesueur,315.204,-0.18
L1O-1035,L1O,435584.365,4903864.443,320.439,m,EPSG:26915,NAVD88,GEOID03,lidar_swmn2010,2010,lesueur_county_validation_report.pdf table 'Control Z',"datum is a DATASET-level assertion (lidar_swmn2010.html: 'The NAVD88, Geoid03 vertical datum was used.'); the validation reports themselves state no datum and no geoid",lesueur,320.605,-0.166
L1O-1040,L1O,430726.06,4911702.396,294.826,m,EPSG:26915,NAVD88,GEOID03,lidar_swmn2010,2010,lesueur_county_validation_report.pdf table 'Control Z',"datum is a DATASET-level assertion (lidar_swmn2010.html: 'The NAVD88, Geoid03 vertical datum was used.'); the validation reports themselves state no datum and no geoid",lesueur,294.817,0.009
L1O-1047,L1O,432263.24,4902012.224,312.75,m,EPSG:26915,NAVD88,GEOID03,lidar_swmn2010,2010,lesueur_county_validation_report.pdf table 'Control Z',"datum is a DATASET-level assertion (lidar_swmn2010.html: 'The NAVD88, Geoid03 vertical datum was used.'); the validation reports themselves state no datum and no geoid",lesueur,312.907,-0.157
L1O-1051,L1O,424738.295,4914188.577,243.916,m,EPSG:26915,NAVD88,GEOID03,lidar_swmn2010,2010,lesueur_county_validation_report.pdf table 'Control Z',"datum is a DATASET-level assertion (lidar_swmn2010.html: 'The NAVD88, Geoid03 vertical datum was used.'); the validation reports themselves state no datum and no geoid",lesueur,243.851,0.065
L1O-1066,L1O,430239.705,4927914.628,297.112,m,EPSG:26915,NAVD88,GEOID03,lidar_swmn2010,2010,lesueur_county_validation_report.pdf table 'Control Z',"datum is a DATASET-level assertion (lidar_swmn2010.html: 'The NAVD88, Geoid03 vertical datum was used.'); the validation reports themselves state no datum and no geoid",lesueur,297.066,0.046
L1O-1074,L1O,433240.143,4923741.6,291.552,m,EPSG:26915,NAVD88,GEOID03,lidar_swmn2010,2010,lesueur_county_validation_report.pdf table 'Control Z',"datum is a DATASET-level assertion (lidar_swmn2010.html: 'The NAVD88, Geoid03 vertical datum was used.'); the validation reports themselves state no datum and no geoid",lesueur,291.641,-0.089
L1O-1079,L1O,437190.091,4917256.588,312.684,m,EPSG:26915,NAVD88,GEOID03,lidar_swmn2010,2010,lesueur_county_validation_report.pdf table 'Control Z',"datum is a DATASET-level assertion (lidar_swmn2010.html: 'The NAVD88, Geoid03 vertical datum was used.'); the validation reports themselves state no datum and no geoid",lesueur,312.85,-0.166
L1O-1083,L1O,438951.647,4930090.616,302.363,m,EPSG:26915,NAVD88,GEOID03,lidar_swmn2010,2010,lesueur_county_validation_report.pdf table 'Control Z',"datum is a DATASET-level assertion (lidar_swmn2010.html: 'The NAVD88, Geoid03 vertical datum was used.'); the validation reports themselves state no datum and no geoid",lesueur,302.463,-0.1
L1O-1089,L1O,442070.706,4917242.477,319.224,m,EPSG:26915,NAVD88,GEOID03,lidar_swmn2010,2010,lesueur_county_validation_report.pdf table 'Control Z',"datum is a DATASET-level assertion (lidar_swmn2010.html: 'The NAVD88, Geoid03 vertical datum was used.'); the validation reports themselves state no datum and no geoid",lesueur,319.199,0.025
L1O-1094,L1O,446966.55,4921884.628,315.505,m,EPSG:26915,NAVD88,GEOID03,lidar_swmn2010,2010,lesueur_county_validation_report.pdf table 'Control Z',"datum is a DATASET-level assertion (lidar_swmn2010.html: 'The NAVD88, Geoid03 vertical datum was used.'); the validation reports themselves state no datum and no geoid",lesueur,315.523,-0.018
L1O-1102,L1O,450189.365,4924433.724,315.9,m,EPSG:26915,NAVD88,GEOID03,lidar_swmn2010,2010,lesueur_county_validation_report.pdf table 'Control Z',"datum is a DATASET-level assertion (lidar_swmn2010.html: 'The NAVD88, Geoid03 vertical datum was used.'); the validation reports themselves state no datum and no geoid",lesueur,315.933,-0.033
L1O-1108,L1O,455078.129,4929263.954,310.25,m,EPSG:26915,NAVD88,GEOID03,lidar_swmn2010,2010,lesueur_county_validation_report.pdf table 'Control Z',"datum is a DATASET-level assertion (lidar_swmn2010.html: 'The NAVD88, Geoid03 vertical datum was used.'); the validation reports themselves state no datum and no geoid",lesueur,310.276,-0.026
L2T-1006,L2T,454899.427,4904226.07,316.685,m,EPSG:26915,NAVD88,GEOID03,lidar_swmn2010,2010,lesueur_county_validation_report.pdf table 'Control Z',"datum is a DATASET-level assertion (lidar_swmn2010.html: 'The NAVD88, Geoid03 vertical datum was used.'); the validation reports themselves state no datum and no geoid",lesueur,316.789,-0.104
L2T-1010,L2T,450673.655,4896170.189,325.121,m,EPSG:26915,NAVD88,GEOID03,lidar_swmn2010,2010,lesueur_county_validation_report.pdf table 'Control Z',"datum is a DATASET-level assertion (lidar_swmn2010.html: 'The NAVD88, Geoid03 vertical datum was used.'); the validation reports themselves state no datum and no geoid",lesueur,325.26,-0.139
L2T-1017,L2T,445009.435,4903480.077,309.223,m,EPSG:26915,NAVD88,GEOID03,lidar_swmn2010,2010,lesueur_county_validation_report.pdf table 'Control Z',"datum is a DATASET-level assertion (lidar_swmn2010.html: 'The NAVD88, Geoid03 vertical datum was used.'); the validation reports themselves state no datum and no geoid",lesueur,309.379,-0.156
L2T-1024,L2T,443552.27,4901357.401,315.202,m,EPSG:26915,NAVD88,GEOID03,lidar_swmn2010,2010,lesueur_county_validation_report.pdf table 'Control Z',"datum is a DATASET-level assertion (lidar_swmn2010.html: 'The NAVD88, Geoid03 vertical datum was used.'); the validation reports themselves state no datum and no geoid",lesueur,315.371,-0.169
L2T-1030,L2T,437981.032,4909576.55,319.191,m,EPSG:26915,NAVD88,GEOID03,lidar_swmn2010,2010,lesueur_county_validation_report.pdf table 'Control Z',"datum is a DATASET-level assertion (lidar_swmn2010.html: 'The NAVD88, Geoid03 vertical datum was used.'); the validation reports themselves state no datum and no geoid",lesueur,319.408,-0.217
L2T-1034,L2T,434312.443,4900175.885,316.775,m,EPSG:26915,NAVD88,GEOID03,lidar_swmn2010,2010,lesueur_county_validation_report.pdf table 'Control Z',"datum is a DATASET-level assertion (lidar_swmn2010.html: 'The NAVD88, Geoid03 vertical datum was used.'); the validation reports themselves state no datum and no geoid",lesueur,316.851,-0.076
L2T-1038,L2T,435325.07,4911576.702,314.006,m,EPSG:26915,NAVD88,GEOID03,lidar_swmn2010,2010,lesueur_county_validation_report.pdf table 'Control Z',"datum is a DATASET-level assertion (lidar_swmn2010.html: 'The NAVD88, Geoid03 vertical datum was used.'); the validation reports themselves state no datum and no geoid",lesueur,314.162,-0.156
L2T-1049,L2T,427952.721,4904568.522,295.999,m,EPSG:26915,NAVD88,GEOID03,lidar_swmn2010,2010,lesueur_county_validation_report.pdf table 'Control Z',"datum is a DATASET-level assertion (lidar_swmn2010.html: 'The NAVD88, Geoid03 vertical datum was used.'); the validation reports themselves state no datum and no geoid",lesueur,295.936,0.063
L2T-1050,L2T,425210.505,4912885.928,244.546,m,EPSG:26915,NAVD88,GEOID03,lidar_swmn2010,2010,lesueur_county_validation_report.pdf table 'Control Z',"datum is a DATASET-level assertion (lidar_swmn2010.html: 'The NAVD88, Geoid03 vertical datum was used.'); the validation reports themselves state no datum and no geoid",lesueur,244.578,-0.032
L2T-1064,L2T,431325.928,4926205.52,291.692,m,EPSG:26915,NAVD88,GEOID03,lidar_swmn2010,2010,lesueur_county_validation_report.pdf table 'Control Z',"datum is a DATASET-level assertion (lidar_swmn2010.html: 'The NAVD88, Geoid03 vertical datum was used.'); the validation reports themselves state no datum and no geoid",lesueur,291.844,-0.152
L2T-1065,L2T,428971.028,4925092.298,225.711,m,EPSG:26915,NAVD88,GEOID03,lidar_swmn2010,2010,lesueur_county_validation_report.pdf table 'Control Z',"datum is a DATASET-level assertion (lidar_swmn2010.html: 'The NAVD88, Geoid03 vertical datum was used.'); the validation reports themselves state no datum and no geoid",lesueur,225.787,-0.076
L2T-1073,L2T,435435.472,4919309.564,305.752,m,EPSG:26915,NAVD88,GEOID03,lidar_swmn2010,2010,lesueur_county_validation_report.pdf table 'Control Z',"datum is a DATASET-level assertion (lidar_swmn2010.html: 'The NAVD88, Geoid03 vertical datum was used.'); the validation reports themselves state no datum and no geoid",lesueur,306.04,-0.288
L2T-1076,L2T,436268.327,4930260.487,291.195,m,EPSG:26915,NAVD88,GEOID03,lidar_swmn2010,2010,lesueur_county_validation_report.pdf table 'Control Z',"datum is a DATASET-level assertion (lidar_swmn2010.html: 'The NAVD88, Geoid03 vertical datum was used.'); the validation reports themselves state no datum and no geoid",lesueur,291.498,-0.303
L2T-1082,L2T,438364.203,4926119.628,300.497,m,EPSG:26915,NAVD88,GEOID03,lidar_swmn2010,2010,lesueur_county_validation_report.pdf table 'Control Z',"datum is a DATASET-level assertion (lidar_swmn2010.html: 'The NAVD88, Geoid03 vertical datum was used.'); the validation reports themselves state no datum and no geoid",lesueur,300.742,-0.245
L2T-1088,L2T,441073.036,4921034.729,304.874,m,EPSG:26915,NAVD88,GEOID03,lidar_swmn2010,2010,lesueur_county_validation_report.pdf table 'Control Z',"datum is a DATASET-level assertion (lidar_swmn2010.html: 'The NAVD88, Geoid03 vertical datum was used.'); the validation reports themselves state no datum and no geoid",lesueur,305.016,-0.142
L2T-1093,L2T,446564.555,4919549.371,313.382,m,EPSG:26915,NAVD88,GEOID03,lidar_swmn2010,2010,lesueur_county_validation_report.pdf table 'Control Z',"datum is a DATASET-level assertion (lidar_swmn2010.html: 'The NAVD88, Geoid03 vertical datum was used.'); the validation reports themselves state no datum and no geoid",lesueur,313.648,-0.266
L2T-1098,L2T,448608.093,4915501.263,329.523,m,EPSG:26915,NAVD88,GEOID03,lidar_swmn2010,2010,lesueur_county_validation_report.pdf table 'Control Z',"datum is a DATASET-level assertion (lidar_swmn2010.html: 'The NAVD88, Geoid03 vertical datum was used.'); the validation reports themselves state no datum and no geoid",lesueur,329.646,-0.123
L2T-1105,L2T,451599.52,4930832.335,313.038,m,EPSG:26915,NAVD88,GEOID03,lidar_swmn2010,2010,lesueur_county_validation_report.pdf table 'Control Z',"datum is a DATASET-level assertion (lidar_swmn2010.html: 'The NAVD88, Geoid03 vertical datum was used.'); the validation reports themselves state no datum and no geoid",lesueur,313.139,-0.101
L2T-1114,L2T,454947.889,4915640.831,318.519,m,EPSG:26915,NAVD88,GEOID03,lidar_swmn2010,2010,lesueur_county_validation_report.pdf table 'Control Z',"datum is a DATASET-level assertion (lidar_swmn2010.html: 'The NAVD88, Geoid03 vertical datum was used.'); the validation reports themselves state no datum and no geoid",lesueur,318.587,-0.068
L3B-1005,L3B,454266.973,4904939.034,319.069,m,EPSG:26915,NAVD88,GEOID03,lidar_swmn2010,2010,lesueur_county_validation_report.pdf table 'Control Z',"datum is a DATASET-level assertion (lidar_swmn2010.html: 'The NAVD88, Geoid03 vertical datum was used.'); the validation reports themselves state no datum and no geoid",lesueur,319.136,-0.067
L3B-1011,L3B,449325.879,4902682.452,317.077,m,EPSG:26915,NAVD88,GEOID03,lidar_swmn2010,2010,lesueur_county_validation_report.pdf table 'Control Z',"datum is a DATASET-level assertion (lidar_swmn2010.html: 'The NAVD88, Geoid03 vertical datum was used.'); the validation reports themselves state no datum and no geoid",lesueur,317.119,-0.042
L3B-1018,L3B,446772.52,4898594.692,318.398,m,EPSG:26915,NAVD88,GEOID03,lidar_swmn2010,2010,lesueur_county_validation_report.pdf table 'Control Z',"datum is a DATASET-level assertion (lidar_swmn2010.html: 'The NAVD88, Geoid03 vertical datum was used.'); the validation reports themselves state no datum and no geoid",lesueur,318.591,-0.193
L3B-1025,L3B,443446.27,4907945.651,321.597,m,EPSG:26915,NAVD88,GEOID03,lidar_swmn2010,2010,lesueur_county_validation_report.pdf table 'Control Z',"datum is a DATASET-level assertion (lidar_swmn2010.html: 'The NAVD88, Geoid03 vertical datum was used.'); the validation reports themselves state no datum and no geoid",lesueur,321.544,0.053
L3B-1037,L3B,435457.186,4908092.331,309.27,m,EPSG:26915,NAVD88,GEOID03,lidar_swmn2010,2010,lesueur_county_validation_report.pdf table 'Control Z',"datum is a DATASET-level assertion (lidar_swmn2010.html: 'The NAVD88, Geoid03 vertical datum was used.'); the validation reports themselves state no datum and no geoid",lesueur,309.462,-0.192
L3B-1039,L3B,434127.911,4914832.271,294.062,m,EPSG:26915,NAVD88,GEOID03,lidar_swmn2010,2010,lesueur_county_validation_report.pdf table 'Control Z',"datum is a DATASET-level assertion (lidar_swmn2010.html: 'The NAVD88, Geoid03 vertical datum was used.'); the validation reports themselves state no datum and no geoid",lesueur,294.187,-0.125
L3B-1045,L3B,432142.54,4906658.341,307.298,m,EPSG:26915,NAVD88,GEOID03,lidar_swmn2010,2010,lesueur_county_validation_report.pdf table 'Control Z',"datum is a DATASET-level assertion (lidar_swmn2010.html: 'The NAVD88, Geoid03 vertical datum was used.'); the validation reports themselves state no datum and no geoid",lesueur,307.53,-0.232
L3B-1048,L3B,427515.411,4900544.332,309.094,m,EPSG:26915,NAVD88,GEOID03,lidar_swmn2010,2010,lesueur_county_validation_report.pdf table 'Control Z',"datum is a DATASET-level assertion (lidar_swmn2010.html: 'The NAVD88, Geoid03 vertical datum was used.'); the validation reports themselves state no datum and no geoid",lesueur,309.074,0.02
L3B-1053,L3B,424388.31,4907688.145,227.659,m,EPSG:26915,NAVD88,GEOID03,lidar_swmn2010,2010,lesueur_county_validation_report.pdf table 'Control Z',"datum is a DATASET-level assertion (lidar_swmn2010.html: 'The NAVD88, Geoid03 vertical datum was used.'); the validation reports themselves state no datum and no geoid",lesueur,227.641,0.018
L3B-1061,L3B,426006.794,4920457.845,259.573,m,EPSG:26915,NAVD88,GEOID03,lidar_swmn2010,2010,lesueur_county_validation_report.pdf table 'Control Z',"datum is a DATASET-level assertion (lidar_swmn2010.html: 'The NAVD88, Geoid03 vertical datum was used.'); the validation reports themselves state no datum and no geoid",lesueur,259.575,-0.002
L3B-1068,L3B,431721.696,4930942.028,297.873,m,EPSG:26915,NAVD88,GEOID03,lidar_swmn2010,2010,lesueur_county_validation_report.pdf table 'Control Z',"datum is a DATASET-level assertion (lidar_swmn2010.html: 'The NAVD88, Geoid03 vertical datum was used.'); the validation reports themselves state no datum and no geoid",lesueur,297.91,-0.037
L3B-1069,L3B,431458.73,4918902.562,277.293,m,EPSG:26915,NAVD88,GEOID03,lidar_swmn2010,2010,lesueur_county_validation_report.pdf table 'Control Z',"datum is a DATASET-level assertion (lidar_swmn2010.html: 'The NAVD88, Geoid03 vertical datum was used.'); the validation reports themselves state no datum and no geoid",lesueur,277.305,-0.012
L3B-1077,L3B,438448.962,4927457.393,311.639,m,EPSG:26915,NAVD88,GEOID03,lidar_swmn2010,2010,lesueur_county_validation_report.pdf table 'Control Z',"datum is a DATASET-level assertion (lidar_swmn2010.html: 'The NAVD88, Geoid03 vertical datum was used.'); the validation reports themselves state no datum and no geoid",lesueur,311.84,-0.201
L3B-1081,L3B,438759.9,4920497.803,309.221,m,EPSG:26915,NAVD88,GEOID03,lidar_swmn2010,2010,lesueur_county_validation_report.pdf table 'Control Z',"datum is a DATASET-level assertion (lidar_swmn2010.html: 'The NAVD88, Geoid03 vertical datum was used.'); the validation reports themselves state no datum and no geoid",lesueur,309.548,-0.327
L3B-1087,L3B,442984.71,4925237.984,311.916,m,EPSG:26915,NAVD88,GEOID03,lidar_swmn2010,2010,lesueur_county_validation_report.pdf table 'Control Z',"datum is a DATASET-level assertion (lidar_swmn2010.html: 'The NAVD88, Geoid03 vertical datum was used.'); the validation reports themselves state no datum and no geoid",lesueur,311.989,-0.073
L3B-1092,L3B,446867.398,4916065.482,319.97,m,EPSG:26915,NAVD88,GEOID03,lidar_swmn2010,2010,lesueur_county_validation_report.pdf table 'Control Z',"datum is a DATASET-level assertion (lidar_swmn2010.html: 'The NAVD88, Geoid03 vertical datum was used.'); the validation reports themselves state no datum and no geoid",lesueur,320.097,-0.127
L3B-1096,L3B,446804.653,4928700.072,310.938,m,EPSG:26915,NAVD88,GEOID03,lidar_swmn2010,2010,lesueur_county_validation_report.pdf table 'Control Z',"datum is a DATASET-level assertion (lidar_swmn2010.html: 'The NAVD88, Geoid03 vertical datum was used.'); the validation reports themselves state no datum and no geoid",lesueur,311.001,-0.063
L3B-1097,L3B,448719.099,4919198.302,321.182,m,EPSG:26915,NAVD88,GEOID03,lidar_swmn2010,2010,lesueur_county_validation_report.pdf table 'Control Z',"datum is a DATASET-level assertion (lidar_swmn2010.html: 'The NAVD88, Geoid03 vertical datum was used.'); the validation reports themselves state no datum and no geoid",lesueur,321.239,-0.057
L3B-1111,L3B,454593.395,4922919.992,313.067,m,EPSG:26915,NAVD88,GEOID03,lidar_swmn2010,2010,lesueur_county_validation_report.pdf table 'Control Z',"datum is a DATASET-level assertion (lidar_swmn2010.html: 'The NAVD88, Geoid03 vertical datum was used.'); the validation reports themselves state no datum and no geoid",lesueur,313.194,-0.127
L4F-1002,L4F,455002.242,4909494.314,320.249,m,EPSG:26915,NAVD88,GEOID03,lidar_swmn2010,2010,lesueur_county_validation_report.pdf table 'Control Z',"datum is a DATASET-level assertion (lidar_swmn2010.html: 'The NAVD88, Geoid03 vertical datum was used.'); the validation reports themselves state no datum and no geoid",lesueur,320.287,-0.038
L4F-1013,L4F,446616.254,4906531.545,327.456,m,EPSG:26915,NAVD88,GEOID03,lidar_swmn2010,2010,lesueur_county_validation_report.pdf table 'Control Z',"datum is a DATASET-level assertion (lidar_swmn2010.html: 'The NAVD88, Geoid03 vertical datum was used.'); the validation reports themselves state no datum and no geoid",lesueur,327.667,-0.211
L4F-1015,L4F,444214.763,4913107.806,324.626,m,EPSG:26915,NAVD88,GEOID03,lidar_swmn2010,2010,lesueur_county_validation_report.pdf table 'Control Z',"datum is a DATASET-level assertion (lidar_swmn2010.html: 'The NAVD88, Geoid03 vertical datum was used.'); the validation reports themselves state no datum and no geoid",lesueur,324.519,0.107
L4F-1021,L4F,444437.938,4898425.559,314.687,m,EPSG:26915,NAVD88,GEOID03,lidar_swmn2010,2010,lesueur_county_validation_report.pdf table 'Control Z',"datum is a DATASET-level assertion (lidar_swmn2010.html: 'The NAVD88, Geoid03 vertical datum was used.'); the validation reports themselves state no datum and no geoid",lesueur,314.729,-0.042
L4F-1026,L4F,441093.247,4910796.187,319.475,m,EPSG:26915,NAVD88,GEOID03,lidar_swmn2010,2010,lesueur_county_validation_report.pdf table 'Control Z',"datum is a DATASET-level assertion (lidar_swmn2010.html: 'The NAVD88, Geoid03 vertical datum was used.'); the validation reports themselves state no datum and no geoid",lesueur,319.594,-0.119
L4F-1032,L4F,438232.924,4898767.978,335.989,m,EPSG:26915,NAVD88,GEOID03,lidar_swmn2010,2010,lesueur_county_validation_report.pdf table 'Control Z',"datum is a DATASET-level assertion (lidar_swmn2010.html: 'The NAVD88, Geoid03 vertical datum was used.'); the validation reports themselves state no datum and no geoid",lesueur,336.246,-0.257
L4F-1036,L4F,435440.318,4906302.458,310.443,m,EPSG:26915,NAVD88,GEOID03,lidar_swmn2010,2010,lesueur_county_validation_report.pdf table 'Control Z',"datum is a DATASET-level assertion (lidar_swmn2010.html: 'The NAVD88, Geoid03 vertical datum was used.'); the validation reports themselves state no datum and no geoid",lesueur,310.77,-0.327
L4F-1046,L4F,432297.208,4905442.877,314.144,m,EPSG:26915,NAVD88,GEOID03,lidar_swmn2010,2010,lesueur_county_validation_report.pdf table 'Control Z',"datum is a DATASET-level assertion (lidar_swmn2010.html: 'The NAVD88, Geoid03 vertical datum was used.'); the validation reports themselves state no datum and no geoid",lesueur,314.254,-0.11
L4F-1056,L4F,419791.09,4901145.56,247.206,m,EPSG:26915,NAVD88,GEOID03,lidar_swmn2010,2010,lesueur_county_validation_report.pdf table 'Control Z',"datum is a DATASET-level assertion (lidar_swmn2010.html: 'The NAVD88, Geoid03 vertical datum was used.'); the validation reports themselves state no datum and no geoid",lesueur,247.314,-0.108
L4F-1059,L4F,426003.156,4916614.017,260.175,m,EPSG:26915,NAVD88,GEOID03,lidar_swmn2010,2010,lesueur_county_validation_report.pdf table 'Control Z',"datum is a DATASET-level assertion (lidar_swmn2010.html: 'The NAVD88, Geoid03 vertical datum was used.'); the validation reports themselves state no datum and no geoid",lesueur,260.2,-0.025
L4F-1070,L4F,432315.335,4914832.192,295.267,m,EPSG:26915,NAVD88,GEOID03,lidar_swmn2010,2010,lesueur_county_validation_report.pdf table 'Control Z',"datum is a DATASET-level assertion (lidar_swmn2010.html: 'The NAVD88, Geoid03 vertical datum was used.'); the validation reports themselves state no datum and no geoid",lesueur,295.633,-0.366
L4F-1075,L4F,434020.479,4926951.631,297.093,m,EPSG:26915,NAVD88,GEOID03,lidar_swmn2010,2010,lesueur_county_validation_report.pdf table 'Control Z',"datum is a DATASET-level assertion (lidar_swmn2010.html: 'The NAVD88, Geoid03 vertical datum was used.'); the validation reports themselves state no datum and no geoid",lesueur,297.449,-0.356
L4F-1078,L4F,436504.299,4922125.181,307.516,m,EPSG:26915,NAVD88,GEOID03,lidar_swmn2010,2010,lesueur_county_validation_report.pdf table 'Control Z',"datum is a DATASET-level assertion (lidar_swmn2010.html: 'The NAVD88, Geoid03 vertical datum was used.'); the validation reports themselves state no datum and no geoid",lesueur,307.82,-0.304
L4F-1086,L4F,443850.37,4930129.953,305.783,m,EPSG:26915,NAVD88,GEOID03,lidar_swmn2010,2010,lesueur_county_validation_report.pdf table 'Control Z',"datum is a DATASET-level assertion (lidar_swmn2010.html: 'The NAVD88, Geoid03 vertical datum was used.'); the validation reports themselves state no datum and no geoid",lesueur,305.822,-0.039
L4F-1095,L4F,447040.512,4926434.11,312.635,m,EPSG:26915,NAVD88,GEOID03,lidar_swmn2010,2010,lesueur_county_validation_report.pdf table 'Control Z',"datum is a DATASET-level assertion (lidar_swmn2010.html: 'The NAVD88, Geoid03 vertical datum was used.'); the validation reports themselves state no datum and no geoid",lesueur,312.827,-0.192
L4F-1099,L4F,450954.911,4921742.165,323.57,m,EPSG:26915,NAVD88,GEOID03,lidar_swmn2010,2010,lesueur_county_validation_report.pdf table 'Control Z',"datum is a DATASET-level assertion (lidar_swmn2010.html: 'The NAVD88, Geoid03 vertical datum was used.'); the validation reports themselves state no datum and no geoid",lesueur,323.734,-0.164
L4F-1110,L4F,455339.506,4925942.583,324.368,m,EPSG:26915,NAVD88,GEOID03,lidar_swmn2010,2010,lesueur_county_validation_report.pdf table 'Control Z',"datum is a DATASET-level assertion (lidar_swmn2010.html: 'The NAVD88, Geoid03 vertical datum was used.'); the validation reports themselves state no datum and no geoid",lesueur,324.354,0.014
L4F-1117,L4F,429758.879,4930971.868,232.177,m,EPSG:26915,NAVD88,GEOID03,lidar_swmn2010,2010,lesueur_county_validation_report.pdf table 'Control Z',"datum is a DATASET-level assertion (lidar_swmn2010.html: 'The NAVD88, Geoid03 vertical datum was used.'); the validation reports themselves state no datum and no geoid",lesueur,232.025,0.152
L5U-1003,L5U,454234.283,4906927.678,324.816,m,EPSG:26915,NAVD88,GEOID03,lidar_swmn2010,2010,lesueur_county_validation_report.pdf table 'Control Z',"datum is a DATASET-level assertion (lidar_swmn2010.html: 'The NAVD88, Geoid03 vertical datum was used.'); the validation reports themselves state no datum and no geoid",lesueur,324.882,-0.066
L5U-1004,L5U,454082.152,4906636.474,324.907,m,EPSG:26915,NAVD88,GEOID03,lidar_swmn2010,2010,lesueur_county_validation_report.pdf table 'Control Z',"datum is a DATASET-level assertion (lidar_swmn2010.html: 'The NAVD88, Geoid03 vertical datum was used.'); the validation reports themselves state no datum and no geoid",lesueur,324.831,0.076
L5U-1008,L5U,454418.368,4896057.115,308.511,m,EPSG:26915,NAVD88,GEOID03,lidar_swmn2010,2010,lesueur_county_validation_report.pdf table 'Control Z',"datum is a DATASET-level assertion (lidar_swmn2010.html: 'The NAVD88, Geoid03 vertical datum was used.'); the validation reports themselves state no datum and no geoid",lesueur,308.605,-0.094
L5U-1009,L5U,454939.253,4896028.222,307.698,m,EPSG:26915,NAVD88,GEOID03,lidar_swmn2010,2010,lesueur_county_validation_report.pdf table 'Control Z',"datum is a DATASET-level assertion (lidar_swmn2010.html: 'The NAVD88, Geoid03 vertical datum was used.'); the validation reports themselves state no datum and no geoid",lesueur,307.681,0.017
L5U-1019,L5U,445660.694,4894123.651,320.661,m,EPSG:26915,NAVD88,GEOID03,lidar_swmn2010,2010,lesueur_county_validation_report.pdf table 'Control Z',"datum is a DATASET-level assertion (lidar_swmn2010.html: 'The NAVD88, Geoid03 vertical datum was used.'); the validation reports themselves state no datum and no geoid",lesueur,320.719,-0.058
L5U-1020,L5U,446122.979,4894121.144,317.272,m,EPSG:26915,NAVD88,GEOID03,lidar_swmn2010,2010,lesueur_county_validation_report.pdf table 'Control Z',"datum is a DATASET-level assertion (lidar_swmn2010.html: 'The NAVD88, Geoid03 vertical datum was used.'); the validation reports themselves state no datum and no geoid",lesueur,317.545,-0.273
L5U-1041,L5U,432767.419,4908084.045,316.985,m,EPSG:26915,NAVD88,GEOID03,lidar_swmn2010,2010,lesueur_county_validation_report.pdf table 'Control Z',"datum is a DATASET-level assertion (lidar_swmn2010.html: 'The NAVD88, Geoid03 vertical datum was used.'); the validation reports themselves state no datum and no geoid",lesueur,317.018,-0.033
L5U-1042,L5U,433703.043,4908209.469,319.63,m,EPSG:26915,NAVD88,GEOID03,lidar_swmn2010,2010,lesueur_county_validation_report.pdf table 'Control Z',"datum is a DATASET-level assertion (lidar_swmn2010.html: 'The NAVD88, Geoid03 vertical datum was used.'); the validation reports themselves state no datum and no geoid",lesueur,319.786,-0.156
L5U-1054,L5U,422919.979,4904686.4,247.035,m,EPSG:26915,NAVD88,GEOID03,lidar_swmn2010,2010,lesueur_county_validation_report.pdf table 'Control Z',"datum is a DATASET-level assertion (lidar_swmn2010.html: 'The NAVD88, Geoid03 vertical datum was used.'); the validation reports themselves state no datum and no geoid",lesueur,247.047,-0.012
L5U-1055,L5U,422850.469,4904049.244,248.626,m,EPSG:26915,NAVD88,GEOID03,lidar_swmn2010,2010,lesueur_county_validation_report.pdf table 'Control Z',"datum is a DATASET-level assertion (lidar_swmn2010.html: 'The NAVD88, Geoid03 vertical datum was used.'); the validation reports themselves state no datum and no geoid",lesueur,248.669,-0.043
L5U-1062,L5U,427414.717,4922483.343,253.258,m,EPSG:26915,NAVD88,GEOID03,lidar_swmn2010,2010,lesueur_county_validation_report.pdf table 'Control Z',"datum is a DATASET-level assertion (lidar_swmn2010.html: 'The NAVD88, Geoid03 vertical datum was used.'); the validation reports themselves state no datum and no geoid",lesueur,253.286,-0.028
L5U-1063,L5U,428378.203,4924521.326,252.628,m,EPSG:26915,NAVD88,GEOID03,lidar_swmn2010,2010,lesueur_county_validation_report.pdf table 'Control Z',"datum is a DATASET-level assertion (lidar_swmn2010.html: 'The NAVD88, Geoid03 vertical datum was used.'); the validation reports themselves state no datum and no geoid",lesueur,252.542,0.086
L5U-1090,L5U,442045.229,4915123.524,321.408,m,EPSG:26915,NAVD88,GEOID03,lidar_swmn2010,2010,lesueur_county_validation_report.pdf table 'Control Z',"datum is a DATASET-level assertion (lidar_swmn2010.html: 'The NAVD88, Geoid03 vertical datum was used.'); the validation reports themselves state no datum and no geoid",lesueur,321.353,0.055
L5U-1091,L5U,440795.03,4915151.676,323.053,m,EPSG:26915,NAVD88,GEOID03,lidar_swmn2010,2010,lesueur_county_validation_report.pdf table 'Control Z',"datum is a DATASET-level assertion (lidar_swmn2010.html: 'The NAVD88, Geoid03 vertical datum was used.'); the validation reports themselves state no datum and no geoid",lesueur,323.056,-0.003
L5U-1103,L5U,450060.094,4926776.17,318.564,m,EPSG:26915,NAVD88,GEOID03,lidar_swmn2010,2010,lesueur_county_validation_report.pdf table 'Control Z',"datum is a DATASET-level assertion (lidar_swmn2010.html: 'The NAVD88, Geoid03 vertical datum was used.'); the validation reports themselves state no datum and no geoid",lesueur,318.565,-0.001
L5U-1104,L5U,450190.393,4926546.944,321.553,m,EPSG:26915,NAVD88,GEOID03,lidar_swmn2010,2010,lesueur_county_validation_report.pdf table 'Control Z',"datum is a DATASET-level assertion (lidar_swmn2010.html: 'The NAVD88, Geoid03 vertical datum was used.'); the validation reports themselves state no datum and no geoid",lesueur,321.611,-0.058
L5U-1106,L5U,453628.442,4931961.666,299.76,m,EPSG:26915,NAVD88,GEOID03,lidar_swmn2010,2010,lesueur_county_validation_report.pdf table 'Control Z',"datum is a DATASET-level assertion (lidar_swmn2010.html: 'The NAVD88, Geoid03 vertical datum was used.'); the validation reports themselves state no datum and no geoid",lesueur,299.771,-0.011
L5U-1107,L5U,455302.473,4932199.098,304.919,m,EPSG:26915,NAVD88,GEOID03,lidar_swmn2010,2010,lesueur_county_validation_report.pdf table 'Control Z',"datum is a DATASET-level assertion (lidar_swmn2010.html: 'The NAVD88, Geoid03 vertical datum was used.'); the validation reports themselves state no datum and no geoid",lesueur,304.949,-0.03
L5U-1112,L5U,453477.648,4921846.234,321.612,m,EPSG:26915,NAVD88,GEOID03,lidar_swmn2010,2010,lesueur_county_validation_report.pdf table 'Control Z',"datum is a DATASET-level assertion (lidar_swmn2010.html: 'The NAVD88, Geoid03 vertical datum was used.'); the validation reports themselves state no datum and no geoid",lesueur,321.556,0.056
L5U-1113,L5U,454081.67,4920279.048,324.573,m,EPSG:26915,NAVD88,GEOID03,lidar_swmn2010,2010,lesueur_county_validation_report.pdf table 'Control Z',"datum is a DATASET-level assertion (lidar_swmn2010.html: 'The NAVD88, Geoid03 vertical datum was used.'); the validation reports themselves state no datum and no geoid",lesueur,324.55,0.023
L1O-1026,L1O,486520.331,4994131.85,276.222,m,EPSG:26915,NAVD88,GEOID09,lidar_metro2011,2011,ramsey_county_validation_report.pdf table 'Control Z',datum is a DATASET-level assertion (lidar_metro2011.html: 'The NAVD88 (Geoid09) vertical datum was used.'); the validation reports themselves state no datum and no geoid,ramsey,276.067,0.155
L1O-1028,L1O,486357.121,4992627.048,287.811,m,EPSG:26915,NAVD88,GEOID09,lidar_metro2011,2011,ramsey_county_validation_report.pdf table 'Control Z',datum is a DATASET-level assertion (lidar_metro2011.html: 'The NAVD88 (Geoid09) vertical datum was used.'); the validation reports themselves state no datum and no geoid,ramsey,287.751,0.06
L1O-1100,L1O,500601.55,4971147.914,300.955,m,EPSG:26915,NAVD88,GEOID09,lidar_metro2011,2011,ramsey_county_validation_report.pdf table 'Control Z',datum is a DATASET-level assertion (lidar_metro2011.html: 'The NAVD88 (Geoid09) vertical datum was used.'); the validation reports themselves state no datum and no geoid,ramsey,300.96,-0.005
L1O-1108,L1O,500613.369,4980984.505,296.648,m,EPSG:26915,NAVD88,GEOID09,lidar_metro2011,2011,ramsey_county_validation_report.pdf table 'Control Z',datum is a DATASET-level assertion (lidar_metro2011.html: 'The NAVD88 (Geoid09) vertical datum was used.'); the validation reports themselves state no datum and no geoid,ramsey,296.627,0.021
L1O-1116,L1O,499065.99,4986253.043,290.723,m,EPSG:26915,NAVD88,GEOID09,lidar_metro2011,2011,ramsey_county_validation_report.pdf table 'Control Z',datum is a DATASET-level assertion (lidar_metro2011.html: 'The NAVD88 (Geoid09) vertical datum was used.'); the validation reports themselves state no datum and no geoid,ramsey,290.754,-0.031
L1O-1119,L1O,498088.108,4986147.113,283.154,m,EPSG:26915,NAVD88,GEOID09,lidar_metro2011,2011,ramsey_county_validation_report.pdf table 'Control Z',datum is a DATASET-level assertion (lidar_metro2011.html: 'The NAVD88 (Geoid09) vertical datum was used.'); the validation reports themselves state no datum and no geoid,ramsey,283.111,0.043
L1O-1126,L1O,499346.905,4983634.704,287.822,m,EPSG:26915,NAVD88,GEOID09,lidar_metro2011,2011,ramsey_county_validation_report.pdf table 'Control Z',datum is a DATASET-level assertion (lidar_metro2011.html: 'The NAVD88 (Geoid09) vertical datum was used.'); the validation reports themselves state no datum and no geoid,ramsey,287.793,0.029
L1O-1134,L1O,497944.924,4991694.816,283.894,m,EPSG:26915,NAVD88,GEOID09,lidar_metro2011,2011,ramsey_county_validation_report.pdf table 'Control Z',datum is a DATASET-level assertion (lidar_metro2011.html: 'The NAVD88 (Geoid09) vertical datum was used.'); the validation reports themselves state no datum and no geoid,ramsey,283.694,0.2
L1O-1136,L1O,500234.07,4990408.773,285.91,m,EPSG:26915,NAVD88,GEOID09,lidar_metro2011,2011,ramsey_county_validation_report.pdf table 'Control Z',datum is a DATASET-level assertion (lidar_metro2011.html: 'The NAVD88 (Geoid09) vertical datum was used.'); the validation reports themselves state no datum and no geoid,ramsey,285.682,0.228
L1O-1140,L1O,501151.692,4988107.706,322.923,m,EPSG:26915,NAVD88,GEOID09,lidar_metro2011,2011,ramsey_county_validation_report.pdf table 'Control Z',datum is a DATASET-level assertion (lidar_metro2011.html: 'The NAVD88 (Geoid09) vertical datum was used.'); the validation reports themselves state no datum and no geoid,ramsey,322.942,-0.019
L1O-1150,L1O,494468.553,4989160.082,275.053,m,EPSG:26915,NAVD88,GEOID09,lidar_metro2011,2011,ramsey_county_validation_report.pdf table 'Control Z',datum is a DATASET-level assertion (lidar_metro2011.html: 'The NAVD88 (Geoid09) vertical datum was used.'); the validation reports themselves state no datum and no geoid,ramsey,275.012,0.041
L1O-1162,L1O,497029.844,4993024.506,283.786,m,EPSG:26915,NAVD88,GEOID09,lidar_metro2011,2011,ramsey_county_validation_report.pdf table 'Control Z',datum is a DATASET-level assertion (lidar_metro2011.html: 'The NAVD88 (Geoid09) vertical datum was used.'); the validation reports themselves state no datum and no geoid,ramsey,283.503,0.283
L1O-1173,L1O,491505.142,4994631.269,282.825,m,EPSG:26915,NAVD88,GEOID09,lidar_metro2011,2011,ramsey_county_validation_report.pdf table 'Control Z',datum is a DATASET-level assertion (lidar_metro2011.html: 'The NAVD88 (Geoid09) vertical datum was used.'); the validation reports themselves state no datum and no geoid,ramsey,282.633,0.192
L1O-1176,L1O,489272.291,4992409.899,276.313,m,EPSG:26915,NAVD88,GEOID09,lidar_metro2011,2011,ramsey_county_validation_report.pdf table 'Control Z',datum is a DATASET-level assertion (lidar_metro2011.html: 'The NAVD88 (Geoid09) vertical datum was used.'); the validation reports themselves state no datum and no geoid,ramsey,276.197,0.116
L1O-1182,L1O,486514.564,4991766.768,283.482,m,EPSG:26915,NAVD88,GEOID09,lidar_metro2011,2011,ramsey_county_validation_report.pdf table 'Control Z',datum is a DATASET-level assertion (lidar_metro2011.html: 'The NAVD88 (Geoid09) vertical datum was used.'); the validation reports themselves state no datum and no geoid,ramsey,283.347,0.135
L1O-1184,L1O,484384.72,4991360.471,268.49,m,EPSG:26915,NAVD88,GEOID09,lidar_metro2011,2011,ramsey_county_validation_report.pdf table 'Control Z',datum is a DATASET-level assertion (lidar_metro2011.html: 'The NAVD88 (Geoid09) vertical datum was used.'); the validation reports themselves state no datum and no geoid,ramsey,268.354,0.136
L1O-1188,L1O,484816.392,4995312.769,274.27,m,EPSG:26915,NAVD88,GEOID09,lidar_metro2011,2011,ramsey_county_validation_report.pdf table 'Control Z',datum is a DATASET-level assertion (lidar_metro2011.html: 'The NAVD88 (Geoid09) vertical datum was used.'); the validation reports themselves state no datum and no geoid,ramsey,274.195,0.075
L1O-1201,L1O,483861.398,4987151.456,288.178,m,EPSG:26915,NAVD88,GEOID09,lidar_metro2011,2011,ramsey_county_validation_report.pdf table 'Control Z',datum is a DATASET-level assertion (lidar_metro2011.html: 'The NAVD88 (Geoid09) vertical datum was used.'); the validation reports themselves state no datum and no geoid,ramsey,288.103,0.075
L1O-1204,L1O,487164.415,4988492.636,284.656,m,EPSG:26915,NAVD88,GEOID09,lidar_metro2011,2011,ramsey_county_validation_report.pdf table 'Control Z',datum is a DATASET-level assertion (lidar_metro2011.html: 'The NAVD88 (Geoid09) vertical datum was used.'); the validation reports themselves state no datum and no geoid,ramsey,284.581,0.075
L1O-1210,L1O,489164.476,4990783.528,291.243,m,EPSG:26915,NAVD88,GEOID09,lidar_metro2011,2011,ramsey_county_validation_report.pdf table 'Control Z',datum is a DATASET-level assertion (lidar_metro2011.html: 'The NAVD88 (Geoid09) vertical datum was used.'); the validation reports themselves state no datum and no geoid,ramsey,291.172,0.071
L1O-1231,L1O,492580.008,4987168.875,270.973,m,EPSG:26915,NAVD88,GEOID09,lidar_metro2011,2011,ramsey_county_validation_report.pdf table 'Control Z',datum is a DATASET-level assertion (lidar_metro2011.html: 'The NAVD88 (Geoid09) vertical datum was used.'); the validation reports themselves state no datum and no geoid,ramsey,270.954,0.019
L1O-1233,L1O,491747.107,4986028.022,280.132,m,EPSG:26915,NAVD88,GEOID09,lidar_metro2011,2011,ramsey_county_validation_report.pdf table 'Control Z',datum is a DATASET-level assertion (lidar_metro2011.html: 'The NAVD88 (Geoid09) vertical datum was used.'); the validation reports themselves state no datum and no geoid,ramsey,280.081,0.051
L1O-1234,L1O,491996.313,4984536.064,291.681,m,EPSG:26915,NAVD88,GEOID09,lidar_metro2011,2011,ramsey_county_validation_report.pdf table 'Control Z',datum is a DATASET-level assertion (lidar_metro2011.html: 'The NAVD88 (Geoid09) vertical datum was used.'); the validation reports themselves state no datum and no geoid,ramsey,291.607,0.074
L1O-1241,L1O,487456.149,4982650.39,288.793,m,EPSG:26915,NAVD88,GEOID09,lidar_metro2011,2011,ramsey_county_validation_report.pdf table 'Control Z',datum is a DATASET-level assertion (lidar_metro2011.html: 'The NAVD88 (Geoid09) vertical datum was used.'); the validation reports themselves state no datum and no geoid,ramsey,288.716,0.077
L1O-1244,L1O,483654.064,4984543.97,290.156,m,EPSG:26915,NAVD88,GEOID09,lidar_metro2011,2011,ramsey_county_validation_report.pdf table 'Control Z',datum is a DATASET-level assertion (lidar_metro2011.html: 'The NAVD88 (Geoid09) vertical datum was used.'); the validation reports themselves state no datum and no geoid,ramsey,290.12,0.036
L1O-1249,L1O,485771.971,4986068.05,277.57,m,EPSG:26915,NAVD88,GEOID09,lidar_metro2011,2011,ramsey_county_validation_report.pdf table 'Control Z',datum is a DATASET-level assertion (lidar_metro2011.html: 'The NAVD88 (Geoid09) vertical datum was used.'); the validation reports themselves state no datum and no geoid,ramsey,277.583,-0.013
L1O-1261,L1O,482734.908,4996839.64,278.552,m,EPSG:26915,NAVD88,GEOID09,lidar_metro2011,2011,ramsey_county_validation_report.pdf table 'Control Z',datum is a DATASET-level assertion (lidar_metro2011.html: 'The NAVD88 (Geoid09) vertical datum was used.'); the validation reports themselves state no datum and no geoid,ramsey,278.437,0.115
L1O-1263,L1O,500818.407,4996647.443,286.427,m,EPSG:26915,NAVD88,GEOID09,lidar_metro2011,2011,ramsey_county_validation_report.pdf table 'Control Z',datum is a DATASET-level assertion (lidar_metro2011.html: 'The NAVD88 (Geoid09) vertical datum was used.'); the validation reports themselves state no datum and no geoid,ramsey,286.09,0.337
L1O-1264,L1O,482784.561,4990826.516,281.841,m,EPSG:26915,NAVD88,GEOID09,lidar_metro2011,2011,ramsey_county_validation_report.pdf table 'Control Z',datum is a DATASET-level assertion (lidar_metro2011.html: 'The NAVD88 (Geoid09) vertical datum was used.'); the validation reports themselves state no datum and no geoid,ramsey,281.694,0.147
L1O-1265,L1O,491626.994,4989812.635,281.933,m,EPSG:26915,NAVD88,GEOID09,lidar_metro2011,2011,ramsey_county_validation_report.pdf table 'Control Z',datum is a DATASET-level assertion (lidar_metro2011.html: 'The NAVD88 (Geoid09) vertical datum was used.'); the validation reports themselves state no datum and no geoid,ramsey,281.862,0.071
L1O-1266,L1O,491551.852,4986057.416,280.433,m,EPSG:26915,NAVD88,GEOID09,lidar_metro2011,2011,ramsey_county_validation_report.pdf table 'Control Z',datum is a DATASET-level assertion (lidar_metro2011.html: 'The NAVD88 (Geoid09) vertical datum was used.'); the validation reports themselves state no datum and no geoid,ramsey,280.356,0.077
L1O-1268,L1O,484372.299,4973836.403,246.811,m,EPSG:26915,NAVD88,GEOID09,lidar_metro2011,2011,ramsey_county_validation_report.pdf table 'Control Z',datum is a DATASET-level assertion (lidar_metro2011.html: 'The NAVD88 (Geoid09) vertical datum was used.'); the validation reports themselves state no datum and no geoid,ramsey,246.82,-0.009
L2T-1016,L2T,490932.425,4996708.879,275.166,m,EPSG:26915,NAVD88,GEOID09,lidar_metro2011,2011,ramsey_county_validation_report.pdf table 'Control Z',datum is a DATASET-level assertion (lidar_metro2011.html: 'The NAVD88 (Geoid09) vertical datum was used.'); the validation reports themselves state no datum and no geoid,ramsey,275.118,0.048
L2T-1024,L2T,487601.186,4994469.738,282.848,m,EPSG:26915,NAVD88,GEOID09,lidar_metro2011,2011,ramsey_county_validation_report.pdf table 'Control Z',datum is a DATASET-level assertion (lidar_metro2011.html: 'The NAVD88 (Geoid09) vertical datum was used.'); the validation reports themselves state no datum and no geoid,ramsey,282.752,0.096
L2T-1102,L2T,500515.568,4975342.763,302.653,m,EPSG:26915,NAVD88,GEOID09,lidar_metro2011,2011,ramsey_county_validation_report.pdf table 'Control Z',datum is a DATASET-level assertion (lidar_metro2011.html: 'The NAVD88 (Geoid09) vertical datum was used.'); the validation reports themselves state no datum and no geoid,ramsey,302.762,-0.109
L2T-1105,L2T,501155.244,4975634.613,315.591,m,EPSG:26915,NAVD88,GEOID09,lidar_metro2011,2011,ramsey_county_validation_report.pdf table 'Control Z',datum is a DATASET-level assertion (lidar_metro2011.html: 'The NAVD88 (Geoid09) vertical datum was used.'); the validation reports themselves state no datum and no geoid,ramsey,315.725,-0.134
L2T-1121,L2T,495316.981,4984311.588,264.213,m,EPSG:26915,NAVD88,GEOID09,lidar_metro2011,2011,ramsey_county_validation_report.pdf table 'Control Z',datum is a DATASET-level assertion (lidar_metro2011.html: 'The NAVD88 (Geoid09) vertical datum was used.'); the validation reports themselves state no datum and no geoid,ramsey,264.205,0.008
L2T-1124,L2T,499452.52,4984566.762,285.998,m,EPSG:26915,NAVD88,GEOID09,lidar_metro2011,2011,ramsey_county_validation_report.pdf table 'Control Z',datum is a DATASET-level assertion (lidar_metro2011.html: 'The NAVD88 (Geoid09) vertical datum was used.'); the validation reports themselves state no datum and no geoid,ramsey,286.075,-0.077
L2T-1143,L2T,499534.166,4987581.022,295.773,m,EPSG:26915,NAVD88,GEOID09,lidar_metro2011,2011,ramsey_county_validation_report.pdf table 'Control Z',datum is a DATASET-level assertion (lidar_metro2011.html: 'The NAVD88 (Geoid09) vertical datum was used.'); the validation reports themselves state no datum and no geoid,ramsey,295.781,-0.008
L2T-1147,L2T,496847.733,4987551.077,278.941,m,EPSG:26915,NAVD88,GEOID09,lidar_metro2011,2011,ramsey_county_validation_report.pdf table 'Control Z',datum is a DATASET-level assertion (lidar_metro2011.html: 'The NAVD88 (Geoid09) vertical datum was used.'); the validation reports themselves state no datum and no geoid,ramsey,279.062,-0.121
L2T-1152,L2T,495538.082,4989992.87,275.966,m,EPSG:26915,NAVD88,GEOID09,lidar_metro2011,2011,ramsey_county_validation_report.pdf table 'Control Z',datum is a DATASET-level assertion (lidar_metro2011.html: 'The NAVD88 (Geoid09) vertical datum was used.'); the validation reports themselves state no datum and no geoid,ramsey,275.923,0.043
L2T-1157,L2T,495706.903,4992961.528,281.403,m,EPSG:26915,NAVD88,GEOID09,lidar_metro2011,2011,ramsey_county_validation_report.pdf table 'Control Z',datum is a DATASET-level assertion (lidar_metro2011.html: 'The NAVD88 (Geoid09) vertical datum was used.'); the validation reports themselves state no datum and no geoid,ramsey,281.26,0.143
L2T-1169,L2T,497068.474,4995100.138,285.381,m,EPSG:26915,NAVD88,GEOID09,lidar_metro2011,2011,ramsey_county_validation_report.pdf table 'Control Z',datum is a DATASET-level assertion (lidar_metro2011.html: 'The NAVD88 (Geoid09) vertical datum was used.'); the validation reports themselves state no datum and no geoid,ramsey,285.253,0.128
L2T-1170,L2T,493223.561,4996676.153,283.468,m,EPSG:26915,NAVD88,GEOID09,lidar_metro2011,2011,ramsey_county_validation_report.pdf table 'Control Z',datum is a DATASET-level assertion (lidar_metro2011.html: 'The NAVD88 (Geoid09) vertical datum was used.'); the validation reports themselves state no datum and no geoid,ramsey,283.251,0.217
L2T-1186,L2T,484409.935,4994047.323,276.714,m,EPSG:26915,NAVD88,GEOID09,lidar_metro2011,2011,ramsey_county_validation_report.pdf table 'Control Z',datum is a DATASET-level assertion (lidar_metro2011.html: 'The NAVD88 (Geoid09) vertical datum was used.'); the validation reports themselves state no datum and no geoid,ramsey,276.64,0.074
L2T-1192,L2T,483005.429,4992569.525,265.065,m,EPSG:26915,NAVD88,GEOID09,lidar_metro2011,2011,ramsey_county_validation_report.pdf table 'Control Z',datum is a DATASET-level assertion (lidar_metro2011.html: 'The NAVD88 (Geoid09) vertical datum was used.'); the validation reports themselves state no datum and no geoid,ramsey,264.955,0.11
L2T-1198,L2T,482171.898,4988225.67,295.058,m,EPSG:26915,NAVD88,GEOID09,lidar_metro2011,2011,ramsey_county_validation_report.pdf table 'Control Z',datum is a DATASET-level assertion (lidar_metro2011.html: 'The NAVD88 (Geoid09) vertical datum was used.'); the validation reports themselves state no datum and no geoid,ramsey,295.14,-0.082
L2T-1213,L2T,490421.733,4990247.85,279.406,m,EPSG:26915,NAVD88,GEOID09,lidar_metro2011,2011,ramsey_county_validation_report.pdf table 'Control Z',datum is a DATASET-level assertion (lidar_metro2011.html: 'The NAVD88 (Geoid09) vertical datum was used.'); the validation reports themselves state no datum and no geoid,ramsey,279.31,0.096
L2T-1215,L2T,488861.227,4988558.051,289.38,m,EPSG:26915,NAVD88,GEOID09,lidar_metro2011,2011,ramsey_county_validation_report.pdf table 'Control Z',datum is a DATASET-level assertion (lidar_metro2011.html: 'The NAVD88 (Geoid09) vertical datum was used.'); the validation reports themselves state no datum and no geoid,ramsey,289.394,-0.014
L2T-1217,L2T,488077.5,4987801.935,278.578,m,EPSG:26915,NAVD88,GEOID09,lidar_metro2011,2011,ramsey_county_validation_report.pdf table 'Control Z',datum is a DATASET-level assertion (lidar_metro2011.html: 'The NAVD88 (Geoid09) vertical datum was used.'); the validation reports themselves state no datum and no geoid,ramsey,278.659,-0.081
L2T-1219,L2T,485667.327,4990294.725,281.722,m,EPSG:26915,NAVD88,GEOID09,lidar_metro2011,2011,ramsey_county_validation_report.pdf table 'Control Z',datum is a DATASET-level assertion (lidar_metro2011.html: 'The NAVD88 (Geoid09) vertical datum was used.'); the validation reports themselves state no datum and no geoid,ramsey,281.622,0.1
L2T-1227,L2T,490341.917,4986243.273,274.327,m,EPSG:26915,NAVD88,GEOID09,lidar_metro2011,2011,ramsey_county_validation_report.pdf table 'Control Z',datum is a DATASET-level assertion (lidar_metro2011.html: 'The NAVD88 (Geoid09) vertical datum was used.'); the validation reports themselves state no datum and no geoid,ramsey,274.401,-0.074
L2T-1239,L2T,490233.058,4982803.487,265.784,m,EPSG:26915,NAVD88,GEOID09,lidar_metro2011,2011,ramsey_county_validation_report.pdf table 'Control Z',datum is a DATASET-level assertion (lidar_metro2011.html: 'The NAVD88 (Geoid09) vertical datum was used.'); the validation reports themselves state no datum and no geoid,ramsey,265.887,-0.103
L2T-1242,L2T,485387.468,4982212.096,298.204,m,EPSG:26915,NAVD88,GEOID09,lidar_metro2011,2011,ramsey_county_validation_report.pdf table 'Control Z',datum is a DATASET-level assertion (lidar_metro2011.html: 'The NAVD88 (Geoid09) vertical datum was used.'); the validation reports themselves state no datum and no geoid,ramsey,298.234,-0.03
L2T-1247,L2T,483855.909,4985850.298,286.978,m,EPSG:26915,NAVD88,GEOID09,lidar_metro2011,2011,ramsey_county_validation_report.pdf table 'Control Z',datum is a DATASET-level assertion (lidar_metro2011.html: 'The NAVD88 (Geoid09) vertical datum was used.'); the validation reports themselves state no datum and no geoid,ramsey,286.965,0.013
L3B-1002,L3B,487862.1,4990725.485,301.822,m,EPSG:26915,NAVD88,GEOID09,lidar_metro2011,2011,ramsey_county_validation_report.pdf table 'Control Z',datum is a DATASET-level assertion (lidar_metro2011.html: 'The NAVD88 (Geoid09) vertical datum was used.'); the validation reports themselves state no datum and no geoid,ramsey,301.695,0.127
L3B-1006,L3B,489189.797,4987760.582,289.639,m,EPSG:26915,NAVD88,GEOID09,lidar_metro2011,2011,ramsey_county_validation_report.pdf table 'Control Z',datum is a DATASET-level assertion (lidar_metro2011.html: 'The NAVD88 (Geoid09) vertical datum was used.'); the validation reports themselves state no datum and no geoid,ramsey,289.614,0.025
L3B-1011,L3B,492324.829,4989977.442,275.835,m,EPSG:26915,NAVD88,GEOID09,lidar_metro2011,2011,ramsey_county_validation_report.pdf table 'Control Z',datum is a DATASET-level assertion (lidar_metro2011.html: 'The NAVD88 (Geoid09) vertical datum was used.'); the validation reports themselves state no datum and no geoid,ramsey,275.666,0.169
L3B-1012,L3B,492019.566,4991403.831,273.133,m,EPSG:26915,NAVD88,GEOID09,lidar_metro2011,2011,ramsey_county_validation_report.pdf table 'Control Z',datum is a DATASET-level assertion (lidar_metro2011.html: 'The NAVD88 (Geoid09) vertical datum was used.'); the validation reports themselves state no datum and no geoid,ramsey,272.973,0.16
L3B-1020,L3B,489150.155,4995829.269,270.805,m,EPSG:26915,NAVD88,GEOID09,lidar_metro2011,2011,ramsey_county_validation_report.pdf table 'Control Z',datum is a DATASET-level assertion (lidar_metro2011.html: 'The NAVD88 (Geoid09) vertical datum was used.'); the validation reports themselves state no datum and no geoid,ramsey,270.797,0.008
L3B-1034,L3B,482861.745,4994810.154,276.397,m,EPSG:26915,NAVD88,GEOID09,lidar_metro2011,2011,ramsey_county_validation_report.pdf table 'Control Z',datum is a DATASET-level assertion (lidar_metro2011.html: 'The NAVD88 (Geoid09) vertical datum was used.'); the validation reports themselves state no datum and no geoid,ramsey,276.177,0.22
L3B-1040,L3B,486192.619,4989304.85,267.342,m,EPSG:26915,NAVD88,GEOID09,lidar_metro2011,2011,ramsey_county_validation_report.pdf table 'Control Z',datum is a DATASET-level assertion (lidar_metro2011.html: 'The NAVD88 (Geoid09) vertical datum was used.'); the validation reports themselves state no datum and no geoid,ramsey,267.3,0.042
L3B-1042,L3B,486901.589,4986650.806,279.841,m,EPSG:26915,NAVD88,GEOID09,lidar_metro2011,2011,ramsey_county_validation_report.pdf table 'Control Z',datum is a DATASET-level assertion (lidar_metro2011.html: 'The NAVD88 (Geoid09) vertical datum was used.'); the validation reports themselves state no datum and no geoid,ramsey,279.831,0.01
L3B-1051,L3B,489659.09,4984653.736,271.2,m,EPSG:26915,NAVD88,GEOID09,lidar_metro2011,2011,ramsey_county_validation_report.pdf table 'Control Z',datum is a DATASET-level assertion (lidar_metro2011.html: 'The NAVD88 (Geoid09) vertical datum was used.'); the validation reports themselves state no datum and no geoid,ramsey,271.223,-0.023
L3B-1052,L3B,489209.849,4983115.681,286.068,m,EPSG:26915,NAVD88,GEOID09,lidar_metro2011,2011,ramsey_county_validation_report.pdf table 'Control Z',datum is a DATASET-level assertion (lidar_metro2011.html: 'The NAVD88 (Geoid09) vertical datum was used.'); the validation reports themselves state no datum and no geoid,ramsey,286.032,0.036
L3B-1066,L3B,497233.129,4993821.449,279.154,m,EPSG:26915,NAVD88,GEOID09,lidar_metro2011,2011,ramsey_county_validation_report.pdf table 'Control Z',datum is a DATASET-level assertion (lidar_metro2011.html: 'The NAVD88 (Geoid09) vertical datum was used.'); the validation reports themselves state no datum and no geoid,ramsey,278.933,0.221
L3B-1074,L3B,500431.737,4973676.302,309.381,m,EPSG:26915,NAVD88,GEOID09,lidar_metro2011,2011,ramsey_county_validation_report.pdf table 'Control Z',datum is a DATASET-level assertion (lidar_metro2011.html: 'The NAVD88 (Geoid09) vertical datum was used.'); the validation reports themselves state no datum and no geoid,ramsey,309.385,-0.004
L3B-1089,L3B,496324.429,4982821.427,273.328,m,EPSG:26915,NAVD88,GEOID09,lidar_metro2011,2011,ramsey_county_validation_report.pdf table 'Control Z',datum is a DATASET-level assertion (lidar_metro2011.html: 'The NAVD88 (Geoid09) vertical datum was used.'); the validation reports themselves state no datum and no geoid,ramsey,273.332,-0.004
L3B-1094,L3B,495647.239,4985159.161,264.22,m,EPSG:26915,NAVD88,GEOID09,lidar_metro2011,2011,ramsey_county_validation_report.pdf table 'Control Z',datum is a DATASET-level assertion (lidar_metro2011.html: 'The NAVD88 (Geoid09) vertical datum was used.'); the validation reports themselves state no datum and no geoid,ramsey,264.176,0.044
L3B-6009,L3B,481854.53,4995174.018,274.819,m,EPSG:26915,NAVD88,GEOID09,lidar_metro2011,2011,ramsey_county_validation_report.pdf table 'Control Z',datum is a DATASET-level assertion (lidar_metro2011.html: 'The NAVD88 (Geoid09) vertical datum was used.'); the validation reports themselves state no datum and no geoid,ramsey,274.649,0.17
L4F-1004,L4F,490448.462,4989187.873,275.584,m,EPSG:26915,NAVD88,GEOID09,lidar_metro2011,2011,ramsey_county_validation_report.pdf table 'Control Z',datum is a DATASET-level assertion (lidar_metro2011.html: 'The NAVD88 (Geoid09) vertical datum was used.'); the validation reports themselves state no datum and no geoid,ramsey,275.591,-0.007
L4F-1014,L4F,490100.866,4996624.745,274.293,m,EPSG:26915,NAVD88,GEOID09,lidar_metro2011,2011,ramsey_county_validation_report.pdf table 'Control Z',datum is a DATASET-level assertion (lidar_metro2011.html: 'The NAVD88 (Geoid09) vertical datum was used.'); the validation reports themselves state no datum and no geoid,ramsey,274.149,0.144
L4F-1018,L4F,486971.077,4996184.214,275.582,m,EPSG:26915,NAVD88,GEOID09,lidar_metro2011,2011,ramsey_county_validation_report.pdf table 'Control Z',datum is a DATASET-level assertion (lidar_metro2011.html: 'The NAVD88 (Geoid09) vertical datum was used.'); the validation reports themselves state no datum and no geoid,ramsey,275.482,0.1
L4F-1022,L4F,487995.893,4992176.159,288.838,m,EPSG:26915,NAVD88,GEOID09,lidar_metro2011,2011,ramsey_county_validation_report.pdf table 'Control Z',datum is a DATASET-level assertion (lidar_metro2011.html: 'The NAVD88 (Geoid09) vertical datum was used.'); the validation reports themselves state no datum and no geoid,ramsey,288.669,0.169
L4F-1037,L4F,484578.731,4990466.981,264.787,m,EPSG:26915,NAVD88,GEOID09,lidar_metro2011,2011,ramsey_county_validation_report.pdf table 'Control Z',datum is a DATASET-level assertion (lidar_metro2011.html: 'The NAVD88 (Geoid09) vertical datum was used.'); the validation reports themselves state no datum and no geoid,ramsey,264.738,0.049
L4F-1039,L4F,483732.824,4989110.346,271.642,m,EPSG:26915,NAVD88,GEOID09,lidar_metro2011,2011,ramsey_county_validation_report.pdf table 'Control Z',datum is a DATASET-level assertion (lidar_metro2011.html: 'The NAVD88 (Geoid09) vertical datum was used.'); the validation reports themselves state no datum and no geoid,ramsey,271.626,0.016
L4F-1048,L4F,487839.125,4984718.21,276.606,m,EPSG:26915,NAVD88,GEOID09,lidar_metro2011,2011,ramsey_county_validation_report.pdf table 'Control Z',datum is a DATASET-level assertion (lidar_metro2011.html: 'The NAVD88 (Geoid09) vertical datum was used.'); the validation reports themselves state no datum and no geoid,ramsey,276.558,0.048
L4F-1060,L4F,497087.642,4989374.481,290.376,m,EPSG:26915,NAVD88,GEOID09,lidar_metro2011,2011,ramsey_county_validation_report.pdf table 'Control Z',datum is a DATASET-level assertion (lidar_metro2011.html: 'The NAVD88 (Geoid09) vertical datum was used.'); the validation reports themselves state no datum and no geoid,ramsey,290.396,-0.02
L4F-1062,L4F,500876.626,4991817.117,286.338,m,EPSG:26915,NAVD88,GEOID09,lidar_metro2011,2011,ramsey_county_validation_report.pdf table 'Control Z',datum is a DATASET-level assertion (lidar_metro2011.html: 'The NAVD88 (Geoid09) vertical datum was used.'); the validation reports themselves state no datum and no geoid,ramsey,286.213,0.125
L4F-1065,L4F,500684.678,4993894.827,282.955,m,EPSG:26915,NAVD88,GEOID09,lidar_metro2011,2011,ramsey_county_validation_report.pdf table 'Control Z',datum is a DATASET-level assertion (lidar_metro2011.html: 'The NAVD88 (Geoid09) vertical datum was used.'); the validation reports themselves state no datum and no geoid,ramsey,282.795,0.16
L4F-1068,L4F,495518.989,4995370.858,278.099,m,EPSG:26915,NAVD88,GEOID09,lidar_metro2011,2011,ramsey_county_validation_report.pdf table 'Control Z',datum is a DATASET-level assertion (lidar_metro2011.html: 'The NAVD88 (Geoid09) vertical datum was used.'); the validation reports themselves state no datum and no geoid,ramsey,277.921,0.178
L4F-1077,L4F,500993.535,4977573.901,304.923,m,EPSG:26915,NAVD88,GEOID09,lidar_metro2011,2011,ramsey_county_validation_report.pdf table 'Control Z',datum is a DATASET-level assertion (lidar_metro2011.html: 'The NAVD88 (Geoid09) vertical datum was used.'); the validation reports themselves state no datum and no geoid,ramsey,304.943,-0.02
L4F-1086,L4F,501030.66,4986373.783,306.359,m,EPSG:26915,NAVD88,GEOID09,lidar_metro2011,2011,ramsey_county_validation_report.pdf table 'Control Z',datum is a DATASET-level assertion (lidar_metro2011.html: 'The NAVD88 (Geoid09) vertical datum was used.'); the validation reports themselves state no datum and no geoid,ramsey,306.411,-0.052
L4F-1091,L4F,494235.186,4982326.134,278.662,m,EPSG:26915,NAVD88,GEOID09,lidar_metro2011,2011,ramsey_county_validation_report.pdf table 'Control Z',datum is a DATASET-level assertion (lidar_metro2011.html: 'The NAVD88 (Geoid09) vertical datum was used.'); the validation reports themselves state no datum and no geoid,ramsey,278.684,-0.022
L4F-1092,L4F,493153.678,4985739.155,278.527,m,EPSG:26915,NAVD88,GEOID09,lidar_metro2011,2011,ramsey_county_validation_report.pdf table 'Control Z',datum is a DATASET-level assertion (lidar_metro2011.html: 'The NAVD88 (Geoid09) vertical datum was used.'); the validation reports themselves state no datum and no geoid,ramsey,278.541,-0.014
L4F-227,L4F,483970.029,4972797.393,248.169,m,EPSG:26915,NAVD88,GEOID09,lidar_metro2011,2011,ramsey_county_validation_report.pdf table 'Control Z',datum is a DATASET-level assertion (lidar_metro2011.html: 'The NAVD88 (Geoid09) vertical datum was used.'); the validation reports themselves state no datum and no geoid,ramsey,248.136,0.033
L5U-1008,L5U,490978.212,4987735.943,271.023,m,EPSG:26915,NAVD88,GEOID09,lidar_metro2011,2011,ramsey_county_validation_report.pdf table 'Control Z',datum is a DATASET-level assertion (lidar_metro2011.html: 'The NAVD88 (Geoid09) vertical datum was used.'); the validation reports themselves state no datum and no geoid,ramsey,270.963,0.06
L5U-1054,L5U,484284.894,4982724.372,288.602,m,EPSG:26915,NAVD88,GEOID09,lidar_metro2011,2011,ramsey_county_validation_report.pdf table 'Control Z',datum is a DATASET-level assertion (lidar_metro2011.html: 'The NAVD88 (Geoid09) vertical datum was used.'); the validation reports themselves state no datum and no geoid,ramsey,288.6,0.002
L5U-1106,L5U,500586.618,4979926.923,311.013,m,EPSG:26915,NAVD88,GEOID09,lidar_metro2011,2011,ramsey_county_validation_report.pdf table 'Control Z',datum is a DATASET-level assertion (lidar_metro2011.html: 'The NAVD88 (Geoid09) vertical datum was used.'); the validation reports themselves state no datum and no geoid,ramsey,310.99,0.023
L5U-1115,L5U,497234.67,4982720.228,273.386,m,EPSG:26915,NAVD88,GEOID09,lidar_metro2011,2011,ramsey_county_validation_report.pdf table 'Control Z',datum is a DATASET-level assertion (lidar_metro2011.html: 'The NAVD88 (Geoid09) vertical datum was used.'); the validation reports themselves state no datum and no geoid,ramsey,273.345,0.041
L5U-1122,L5U,496885.95,4984639.716,279.344,m,EPSG:26915,NAVD88,GEOID09,lidar_metro2011,2011,ramsey_county_validation_report.pdf table 'Control Z',datum is a DATASET-level assertion (lidar_metro2011.html: 'The NAVD88 (Geoid09) vertical datum was used.'); the validation reports themselves state no datum and no geoid,ramsey,279.334,0.01
L5U-1129,L5U,500851.373,4984012.923,302.753,m,EPSG:26915,NAVD88,GEOID09,lidar_metro2011,2011,ramsey_county_validation_report.pdf table 'Control Z',datum is a DATASET-level assertion (lidar_metro2011.html: 'The NAVD88 (Geoid09) vertical datum was used.'); the validation reports themselves state no datum and no geoid,ramsey,302.731,0.022
L5U-1138,L5U,500104.453,4989121.626,295.69,m,EPSG:26915,NAVD88,GEOID09,lidar_metro2011,2011,ramsey_county_validation_report.pdf table 'Control Z',datum is a DATASET-level assertion (lidar_metro2011.html: 'The NAVD88 (Geoid09) vertical datum was used.'); the validation reports themselves state no datum and no geoid,ramsey,295.664,0.026
L5U-1144,L5U,499004.706,4989860.802,286.254,m,EPSG:26915,NAVD88,GEOID09,lidar_metro2011,2011,ramsey_county_validation_report.pdf table 'Control Z',datum is a DATASET-level assertion (lidar_metro2011.html: 'The NAVD88 (Geoid09) vertical datum was used.'); the validation reports themselves state no datum and no geoid,ramsey,286.214,0.04
L5U-1149,L5U,494678.663,4987706.217,277.719,m,EPSG:26915,NAVD88,GEOID09,lidar_metro2011,2011,ramsey_county_validation_report.pdf table 'Control Z',datum is a DATASET-level assertion (lidar_metro2011.html: 'The NAVD88 (Geoid09) vertical datum was used.'); the validation reports themselves state no datum and no geoid,ramsey,277.678,0.041
L5U-1155,L5U,493831.295,4991064.902,275.717,m,EPSG:26915,NAVD88,GEOID09,lidar_metro2011,2011,ramsey_county_validation_report.pdf table 'Control Z',datum is a DATASET-level assertion (lidar_metro2011.html: 'The NAVD88 (Geoid09) vertical datum was used.'); the validation reports themselves state no datum and no geoid,ramsey,275.49,0.227
L5U-1164,L5U,498551.866,4992896.099,284.781,m,EPSG:26915,NAVD88,GEOID09,lidar_metro2011,2011,ramsey_county_validation_report.pdf table 'Control Z',datum is a DATASET-level assertion (lidar_metro2011.html: 'The NAVD88 (Geoid09) vertical datum was used.'); the validation reports themselves state no datum and no geoid,ramsey,284.539,0.242
L5U-1167,L5U,500633.224,4996155.397,285.412,m,EPSG:26915,NAVD88,GEOID09,lidar_metro2011,2011,ramsey_county_validation_report.pdf table 'Control Z',datum is a DATASET-level assertion (lidar_metro2011.html: 'The NAVD88 (Geoid09) vertical datum was used.'); the validation reports themselves state no datum and no geoid,ramsey,285.175,0.237
L5U-1174,L5U,491494.617,4992833.784,279.683,m,EPSG:26915,NAVD88,GEOID09,lidar_metro2011,2011,ramsey_county_validation_report.pdf table 'Control Z',datum is a DATASET-level assertion (lidar_metro2011.html: 'The NAVD88 (Geoid09) vertical datum was used.'); the validation reports themselves state no datum and no geoid,ramsey,279.523,0.16
L5U-1191,L5U,482652.078,4996100.966,276.934,m,EPSG:26915,NAVD88,GEOID09,lidar_metro2011,2011,ramsey_county_validation_report.pdf table 'Control Z',datum is a DATASET-level assertion (lidar_metro2011.html: 'The NAVD88 (Geoid09) vertical datum was used.'); the validation reports themselves state no datum and no geoid,ramsey,276.799,0.135
L5U-1194,L5U,482947.397,4990858.82,279.751,m,EPSG:26915,NAVD88,GEOID09,lidar_metro2011,2011,ramsey_county_validation_report.pdf table 'Control Z',datum is a DATASET-level assertion (lidar_metro2011.html: 'The NAVD88 (Geoid09) vertical datum was used.'); the validation reports themselves state no datum and no geoid,ramsey,279.624,0.127
L5U-1196,L5U,482502.433,4989233.808,305.419,m,EPSG:26915,NAVD88,GEOID09,lidar_metro2011,2011,ramsey_county_validation_report.pdf table 'Control Z',datum is a DATASET-level assertion (lidar_metro2011.html: 'The NAVD88 (Geoid09) vertical datum was used.'); the validation reports themselves state no datum and no geoid,ramsey,305.398,0.021
L5U-1203,L5U,486338.481,4988383.171,270.414,m,EPSG:26915,NAVD88,GEOID09,lidar_metro2011,2011,ramsey_county_validation_report.pdf table 'Control Z',datum is a DATASET-level assertion (lidar_metro2011.html: 'The NAVD88 (Geoid09) vertical datum was used.'); the validation reports themselves state no datum and no geoid,ramsey,270.339,0.075
L5U-1225,L5U,488269.793,4986715.973,272.632,m,EPSG:26915,NAVD88,GEOID09,lidar_metro2011,2011,ramsey_county_validation_report.pdf table 'Control Z',datum is a DATASET-level assertion (lidar_metro2011.html: 'The NAVD88 (Geoid09) vertical datum was used.'); the validation reports themselves state no datum and no geoid,ramsey,272.663,-0.031
L5U-1229,L5U,491128.663,4985143.685,284.839,m,EPSG:26915,NAVD88,GEOID09,lidar_metro2011,2011,ramsey_county_validation_report.pdf table 'Control Z',datum is a DATASET-level assertion (lidar_metro2011.html: 'The NAVD88 (Geoid09) vertical datum was used.'); the validation reports themselves state no datum and no geoid,ramsey,284.797,0.042
L5U-1236,L5U,492827.621,4982492.654,268.762,m,EPSG:26915,NAVD88,GEOID09,lidar_metro2011,2011,ramsey_county_validation_report.pdf table 'Control Z',datum is a DATASET-level assertion (lidar_metro2011.html: 'The NAVD88 (Geoid09) vertical datum was used.'); the validation reports themselves state no datum and no geoid,ramsey,268.754,0.008
L5U-1251,L5U,486732.137,4985046.228,276.989,m,EPSG:26915,NAVD88,GEOID09,lidar_metro2011,2011,ramsey_county_validation_report.pdf table 'Control Z',datum is a DATASET-level assertion (lidar_metro2011.html: 'The NAVD88 (Geoid09) vertical datum was used.'); the validation reports themselves state no datum and no geoid,ramsey,276.977,0.012
L5U-6002,L5U,481857.475,4987369.979,289.95,m,EPSG:26915,NAVD88,GEOID09,lidar_metro2011,2011,ramsey_county_validation_report.pdf table 'Control Z',datum is a DATASET-level assertion (lidar_metro2011.html: 'The NAVD88 (Geoid09) vertical datum was used.'); the validation reports themselves state no datum and no geoid,ramsey,290.01,-0.06
